01010101010101010101010101010101010
01110101010101010101010101010101010
00010101010101010101010101010101010
11110101010101010101010101010101010
01010101010101010101010101010101010
01110101010101010101010101010101010
00010101010101010101010101010101010
11110101010101010101010101010101010
01010101010101010101010101010101010
01110101010101010101010101010101010
00010101010101010101010101010101010
11110101010101010101010101010101010
01010101010101010101010101010101010
01110101010101010101010101010101010
00010101010101010101010101010101010
11110101010101010101010101010101010
01010101010101010101010101010101010
01110101010101010101010101010101010
00010101010101010101010101010101010
11110101010101010101010101010101010
01010101010101010101010101010101010
01110101010101010101010101010101010
00010101010101010101010101010101010
11110101010101010101010101010101010
01010101010101010101010101010101010
01110101010101010101010101010101010
00010101010101010101010101010101010
11110101010101010101010101010101010
01010101010101010101010101010101010
01110101010101010101010101010101010
00010101010101010101010101010101010
11110101010101010101010101010101010
01010101010101010101010101010101010
01110101010101010101010101010101010
00010101010101010101010101010101010
11110101010101010101010101010101010